0 97 98 99 100 101 102 103 104 105 106 107 108 109 110 111 112 113 114 115 116 117 118 119 120 121 122 
97 0 437 3041 873 5098 1134 877 1073 4535 20 62 1653 2077 4068 3017 2291 140 3874 1875 3372 2178 385 115 580 241 12 
98 585 0 199 97 494 77 73 85 452 1 16 85 297 183 532 78 2 377 338 316 316 46 11 46 24 2 
99 2423 77 0 152 3548 879 220 516 3216 63 37 539 536 3000 1826 998 69 1237 980 1210 939 60 9 182 269 0 
100 1768 187 1434 0 4277 354 313 438 2123 99 116 847 971 2026 1965 597 11 2172 620 1100 1133 258 144 168 127 80 
101 6745 839 6349 2063 0 2020 1684 1832 7573 149 391 3763 3516 8705 6725 4003 319 7242 3862 6444 4149 1641 369 863 607 155 
102 585 8 250 163 1220 0 154 58 622 1 68 140 110 664 282 135 2 293 209 220 393 11 42 3 26 0 
103 1513 82 615 222 1527 146 0 452 1932 40 146 742 251 2068 1405 302 43 1412 464 715 408 118 142 64 182 17 
104 792 66 723 75 843 179 307 0 808 3 11 283 219 552 618 422 7 533 484 952 339 28 24 71 150 1 
105 4403 408 3991 1076 5891 1514 1031 1320 0 152 180 2066 2135 5568 3930 2546 420 4534 3123 5337 2403 571 108 716 467 24 
106 23 8 6 29 61 0 6 0 8 0 2 2 5 24 19 4 0 71 1 7 10 1 0 5 0 0 
107 564 14 418 29 284 34 15 101 320 3 0 120 61 193 299 47 16 210 112 166 135 4 16 16 19 1 
108 5591 600 3496 848 5100 1023 373 898 5126 11 292 0 1343 3268 2931 1827 76 2779 1694 2631 2308 460 167 253 204 11 
109 1008 50 1140 243 2504 110 102 517 1441 2 50 447 0 997 2554 521 11 1201 663 934 956 49 55 133 167 1 
110 5876 380 3747 1049 8642 1263 1123 822 8268 29 268 1637 1906 0 7794 1632 258 3512 2225 4096 2711 663 161 369 325 28 
111 1966 258 2765 512 3188 623 594 879 3771 80 138 1338 1018 2528 0 1421 126 2472 1376 2480 1143 214 69 308 242 3 
112 594 8 457 44 934 10 16 178 680 0 57 215 675 354 766 0 43 588 420 185 442 12 17 189 110 0 
113 58 4 96 40 216 0 2 40 101 0 0 45 0 67 26 1 0 35 30 38 56 0 0 34 0 0 
114 3957 394 1349 687 6081 714 667 716 2661 42 116 982 1152 2228 4310 1763 69 0 1169 2788 2541 281 141 340 292 6 
115 3921 267 2902 590 6205 314 628 1135 6099 104 121 1410 1033 4571 4344 1316 145 3356 0 3347 3376 343 63 426 493 16 
116 5969 362 2688 920 7207 1711 987 1026 6273 67 143 1726 2619 6172 4746 2536 279 3939 2512 0 3034 285 71 750 338 10 
117 1410 118 1654 551 2096 330 328 703 1958 137 91 816 324 1999 2500 425 368 1492 1005 1767 0 110 28 166 67 1 
118 411 26 162 73 656 101 38 57 557 1 5 94 88 869 688 137 9 397 121 191 79 0 8 14 4 0 
119 167 7 85 27 131 5 29 87 72 0 52 97 12 178 383 8 25 141 44 75 101 11 0 2 32 0 
120 38 2 9 1 53 10 1 2 21 1 0 12 6 74 82 183 0 71 4 7 12 0 0 0 0 0 
121 3150 236 1716 626 3404 737 353 518 2771 29 124 2102 1143 2392 2310 996 48 2848 1114 2258 979 314 45 315 0 2 
122 103 1 32 4 124 0 15 30 246 0 3 46 21 64 43 30 14 115 20 28 53 24 1 27 15 0 
