0 97 98 99 100 101 102 103 104 105 106 107 108 109 110 111 112 113 114 115 116 117 118 119 120 121 122 
97 0 432 2618 1454 7173 680 1066 920 5704 34 137 3070 1598 3567 2902 1098 162 2812 2254 3624 2515 257 134 168 1510 55 
98 480 0 219 229 589 41 109 98 511 1 24 264 168 183 261 139 0 280 227 316 152 54 9 8 103 1 
99 2131 95 0 538 2759 484 489 424 2874 46 231 1388 530 1615 1333 560 229 937 2396 1949 1252 92 38 123 926 33 
100 1380 250 804 0 2914 214 648 341 1850 190 87 1020 647 1375 1000 300 42 1116 654 1372 1112 269 154 34 390 71 
101 8177 771 4915 1954 0 1195 1673 1572 10493 112 328 4379 2511 5294 4132 1709 258 5102 4448 5850 4359 810 352 221 2762 150 
102 597 70 366 106 1216 0 117 392 1048 1 56 522 125 542 350 274 3 273 532 816 487 141 51 2 256 0 
103 940 89 635 590 1338 73 0 352 1172 121 110 654 130 754 799 255 75 673 587 774 569 43 90 66 446 33 
104 1134 80 778 242 1255 259 247 0 1379 10 47 610 290 773 730 303 18 645 573 1077 703 46 87 31 299 2 
105 4216 336 2867 1197 7418 829 1053 1225 0 148 182 2701 1520 3592 2399 1056 283 2220 3204 3703 2583 225 95 193 2100 67 
106 21 2 36 75 112 1 56 8 46 0 1 17 9 25 23 4 0 24 17 22 55 3 1 0 18 0 
107 438 30 505 145 510 61 137 152 351 1 0 328 101 348 284 68 71 163 203 289 284 6 29 20 93 1 
108 3782 463 2162 816 4472 687 447 814 3856 10 160 0 801 1772 1667 752 58 1351 1580 2359 1639 131 192 70 1111 17 
109 1199 98 525 332 2013 77 140 308 1583 15 35 565 0 1641 921 237 9 740 811 1045 785 50 47 79 419 22 
110 4022 341 2489 1001 5467 522 844 692 5010 22 227 2018 2055 0 2463 775 167 2135 1994 3194 1872 223 179 73 1063 84 
111 3043 281 1738 807 3454 292 552 826 2769 68 171 1863 1011 2113 0 767 103 1804 1703 2263 1881 125 202 59 821 30 
112 585 149 474 167 985 133 120 154 847 1 14 463 273 451 475 0 27 384 394 532 279 25 6 47 190 1 
113 155 0 149 41 223 7 30 22 234 1 5 73 20 146 94 23 0 81 100 176 238 2 2 4 24 0 
114 3424 306 1363 991 4329 467 799 621 3128 37 125 1891 848 1890 2191 716 66 0 1710 2291 2223 301 251 57 987 13 
115 3082 216 4044 903 6042 367 580 707 5200 136 100 2070 801 2834 2534 912 136 1778 0 3128 2378 253 57 208 1211 134 
116 3925 275 2461 1318 5569 755 891 1132 5092 64 140 1997 1440 2623 2025 1086 228 2322 2009 0 2140 234 87 195 1142 27 
117 2209 140 1457 711 3406 252 389 505 2414 117 69 1430 772 1656 1796 240 164 1605 1291 1775 0 145 154 45 626 9 
118 358 52 192 155 639 263 79 64 616 1 4 186 50 288 189 46 6 314 203 286 113 0 12 4 141 6 
119 238 15 89 119 323 14 67 91 177 2 37 151 46 179 166 21 63 199 152 138 308 29 0 0 94 0 
120 196 46 258 32 219 29 18 19 144 1 3 144 23 91 55 80 4 52 206 173 33 0 2 0 108 3 
121 2102 111 1036 454 2561 305 336 463 2590 22 43 2460 601 1044 1279 505 27 1081 1131 1253 619 127 48 108 0 3 
122 89 2 71 35 213 0 56 24 184 0 2 28 73 73 45 23 10 38 207 91 31 4 0 23 45 0 
