0 97 98 99 100 101 102 103 104 105 106 107 108 109 110 111 112 113 114 115 116 117 118 119 120 121 122 
97 0 750 2967 2105 7320 579 1935 726 5412 11 392 6063 1281 6555 2402 688 110 4100 3990 6661 2035 449 98 15 3325 100 
98 460 0 100 237 941 6 100 53 394 8 8 623 57 373 250 23 3 482 277 340 113 25 6 2 198 2 
99 2748 150 0 1438 5899 250 714 792 4423 2 279 3269 1307 3492 3016 384 138 1274 2550 2602 1793 138 94 6 1624 25 
100 1148 115 279 0 2572 149 260 57 1523 21 18 903 249 1225 576 49 66 772 584 1200 710 95 35 2 761 2 
101 5771 673 4337 5293 0 1159 1773 960 7897 156 179 5927 2702 9936 3571 1100 313 7076 6575 8534 2972 745 135 42 3501 102 
102 909 106 977 249 2136 0 172 165 2248 0 2 976 96 1270 721 9 1 714 242 1868 421 61 7 2 771 0 
103 915 70 327 300 1735 144 0 327 1201 7 11 392 107 1238 614 18 4 624 590 1091 472 13 30 5 409 16 
104 1129 45 517 464 1845 70 463 0 1256 1 51 812 507 817 989 207 70 715 1199 960 889 61 46 1 545 3 
105 4339 410 4147 1998 8050 744 2417 825 0 3 157 5151 1438 8602 3880 854 187 2435 5907 6318 2342 569 30 23 2463 207 
106 12 3 56 62 136 2 13 1 38 0 0 10 4 39 53 1 0 48 18 39 69 1 0 0 24 0 
107 132 18 132 201 530 48 194 43 323 1 0 366 88 369 177 61 10 121 207 224 219 2 69 1 132 3 
108 1740 104 671 989 4157 152 767 462 2424 0 74 0 500 1833 1440 280 88 986 1456 1642 1003 101 105 10 2955 56 
109 2125 361 611 778 3689 73 231 245 2377 3 33 1167 0 1978 1117 682 2 1128 1225 2606 395 112 18 4 1172 21 
110 4222 199 3690 2514 9268 584 2201 503 6699 25 132 3831 1087 0 2761 485 70 2032 4506 6625 2245 840 191 144 2903 41 
111 3332 602 2275 2325 7201 236 1573 717 4514 16 254 3345 2761 8509 0 886 32 4189 4540 5313 2984 738 453 163 2532 42 
112 2255 72 990 609 3891 149 315 367 2983 0 16 1941 516 1541 1422 0 1 1579 924 2387 484 139 6 258 987 12 
113 192 2 69 25 301 5 24 6 333 0 4 101 24 204 75 90 0 62 101 200 377 4 2 0 44 3 
114 4604 405 1612 2239 8190 333 1374 673 4985 156 172 3041 1280 3554 2352 628 72 0 3362 4404 1878 398 138 150 3059 70 
115 2158 328 1429 905 4914 225 528 522 4342 1 53 2395 783 2795 1708 536 39 1368 0 3202 1212 136 66 4 1350 11 
116 3790 344 1298 1323 6971 298 722 960 5837 1 42 2925 990 4159 2448 217 105 2767 3451 0 2070 190 38 5 2404 19 
117 2489 328 1240 1221 4102 410 507 454 2778 10 63 2401 1157 2844 1103 432 94 2423 3327 3089 0 80 60 9 1041 24 
118 494 37 99 259 1953 29 119 41 534 0 1 494 37 809 223 14 1 386 403 345 134 0 8 0 422 32 
119 134 14 33 154 405 12 147 57 142 0 8 162 65 149 43 18 8 149 102 85 30 13 0 0 44 1 
120 622 117 216 165 943 8 134 98 949 0 2 328 114 344 295 205 48 332 402 823 144 9 0 0 324 0 
121 271 29 301 155 614 39 179 209 396 1 8 339 190 255 335 153 0 254 481 288 120 10 16 0 0 6 
122 17 2 7 69 159 0 44 1 102 0 1 18 53 49 8 1 0 16 31 34 8 0 0 0 19 0 
